{
    "NB": 18,
    "NC": 4,
    "NFB": 6,
    "parent": [
        0,
        1,
        2,
        3,
        4,
        5,
        6,
        7,
        8,
        6,
        10,
        11,
        6,
        13,
        14,
        6,
        16,
        17
    ],
    "jtype": [
        1,
        1,
        1,
        0,
        0,
        0,
        0,
        0,
        0,
        0,
        0,
        0,
        0,
        0,
        0,
        0,
        0,
        0
    ],
    "jaxis": "xyzzyxxyyxyyxyyxyy",
    "Xtree": [
        [
            [
                1,
                0,
                0,
                0,
                0,
                0
            ],
            [
                0,
                1,
                0,
                0,
                0,
                0
            ],
            [
                0,
                0,
                1,
                0,
                0,
                0
            ],
            [
                0,
                0,
                0,
                1,
                0,
                0
            ],
            [
                0,
                0,
                0,
                0,
                1,
                0
            ],
            [
                0,
                0,
                0,
                0,
                0,
                1
            ]
        ],
        [
            [
                1,
                0,
                0,
                0,
                0,
                0
            ],
            [
                0,
                1,
                0,
                0,
                0,
                0
            ],
            [
                0,
                0,
                1,
                0,
                0,
                0
            ],
            [
                0,
                0,
                0,
                1,
                0,
                0
            ],
            [
                0,
                0,
                0,
                0,
                1,
                0
            ],
            [
                0,
                0,
                0,
                0,
                0,
                1
            ]
        ],
        [
            [
                1,
                0,
                0,
                0,
                0,
                0
            ],
            [
                0,
                1,
                0,
                0,
                0,
                0
            ],
            [
                0,
                0,
                1,
                0,
                0,
                0
            ],
            [
                0,
                0,
                0,
                1,
                0,
                0
            ],
            [
                0,
                0,
                0,
                0,
                1,
                0
            ],
            [
                0,
                0,
                0,
                0,
                0,
                1
            ]
        ],
        [
            [
                1,
                0,
                0,
                0,
                0,
                0
            ],
            [
                0,
                1,
                0,
                0,
                0,
                0
            ],
            [
                0,
                0,
                1,
                0,
                0,
                0
            ],
            [
                0,
                0,
                0,
                1,
                0,
                0
            ],
            [
                0,
                0,
                0,
                0,
                1,
                0
            ],
            [
                0,
                0,
                0,
                0,
                0,
                1
            ]
        ],
        [
            [
                1,
                0,
                0,
                0,
                0,
                0
            ],
            [
                0,
                1,
                0,
                0,
                0,
                0
            ],
            [
                0,
                0,
                1,
                0,
                0,
                0
            ],
            [
                0,
                0,
                0,
                1,
                0,
                0
            ],
            [
                0,
                0,
                0,
                0,
                1,
                0
            ],
            [
                0,
                0,
                0,
                0,
                0,
                1
            ]
        ],
        [
            [
                1,
                0,
                0,
                0,
                0,
                0
            ],
            [
                0,
                1,
                0,
                0,
                0,
                0
            ],
            [
                0,
                0,
                1,
                0,
                0,
                0
            ],
            [
                0,
                0,
                0,
                1,
                0,
                0
            ],
            [
                0,
                0,
                0,
                0,
                1,
                0
            ],
            [
                0,
                0,
                0,
                0,
                0,
                1
            ]
        ],
        [
            [
                1,
                0,
                0,
                0,
                0,
                0
            ],
            [
                0,
                1,
                0,
                0,
                0,
                0
            ],
            [
                0,
                0,
                1,
                0,
                0,
                0
            ],
            [
                0,
                0,
                0.06,
                1,
                0,
                0
            ],
            [
                0,
                0,
                0.196,
                0,
                1,
                0
            ],
            [
                -0.06,
                -0.196,
                0,
                0,
                0,
                1
            ]
        ],
        [
            [
                1,
                0,
                0,
                0,
                0,
                0
            ],
            [
                0,
                1,
                0,
                0,
                0,
                0
            ],
            [
                0,
                0,
                1,
                0,
                0,
                0
            ],
            [
                0,
                0,
                0.10235,
                1,
                0,
                0
            ],
            [
                0,
                0,
                0,
                0,
                1,
                0
            ],
            [
                -0.10235,
                0,
                0,
                0,
                0,
                1
            ]
        ],
        [
            [
                1,
                0,
                0,
                0,
                0,
                0
            ],
            [
                0,
                1,
                0,
                0,
                0,
                0
            ],
            [
                0,
                0,
                1,
                0,
                0,
                0
            ],
            [
                0,
                -0.2115,
                0,
                1,
                0,
                0
            ],
            [
                0.2115,
                0,
                0,
                0,
                1,
                0
            ],
            [
                0,
                0,
                0,
                0,
                0,
                1
            ]
        ],
        [
            [
                1,
                0,
                0,
                0,
                0,
                0
            ],
            [
                0,
                1,
                0,
                0,
                0,
                0
            ],
            [
                0,
                0,
                1,
                0,
                0,
                0
            ],
            [
                0,
                0,
                -0.06,
                1,
                0,
                0
            ],
            [
                0,
                0,
                0.196,
                0,
                1,
                0
            ],
            [
                0.06,
                -0.196,
                0,
                0,
                0,
                1
            ]
        ],
        [
            [
                1,
                0,
                0,
                0,
                0,
                0
            ],
            [
                0,
                1,
                0,
                0,
                0,
                0
            ],
            [
                0,
                0,
                1,
                0,
                0,
                0
            ],
            [
                0,
                0,
                -0.10235,
                1,
                0,
                0
            ],
            [
                0,
                0,
                0,
                0,
                1,
                0
            ],
            [
                0.10235,
                0,
                0,
                0,
                0,
                1
            ]
        ],
        [
            [
                1,
                0,
                0,
                0,
                0,
                0
            ],
            [
                0,
                1,
                0,
                0,
                0,
                0
            ],
            [
                0,
                0,
                1,
                0,
                0,
                0
            ],
            [
                0,
                -0.2115,
                0,
                1,
                0,
                0
            ],
            [
                0.2115,
                0,
                0,
                0,
                1,
                0
            ],
            [
                0,
                0,
                0,
                0,
                0,
                1
            ]
        ],
        [
            [
                1,
                0,
                0,
                0,
                0,
                0
            ],
            [
                0,
                1,
                0,
                0,
                0,
                0
            ],
            [
                0,
                0,
                1,
                0,
                0,
                0
            ],
            [
                0,
                0,
                0.06,
                1,
                0,
                0
            ],
            [
                0,
                0,
                -0.196,
                0,
                1,
                0
            ],
            [
                -0.06,
                0.196,
                0,
                0,
                0,
                1
            ]
        ],
        [
            [
                1,
                0,
                0,
                0,
                0,
                0
            ],
            [
                0,
                1,
                0,
                0,
                0,
                0
            ],
            [
                0,
                0,
                1,
                0,
                0,
                0
            ],
            [
                0,
                0,
                0.10235,
                1,
                0,
                0
            ],
            [
                0,
                0,
                0,
                0,
                1,
                0
            ],
            [
                -0.10235,
                0,
                0,
                0,
                0,
                1
            ]
        ],
        [
            [
                1,
                0,
                0,
                0,
                0,
                0
            ],
            [
                0,
                1,
                0,
                0,
                0,
                0
            ],
            [
                0,
                0,
                1,
                0,
                0,
                0
            ],
            [
                0,
                -0.2115,
                0,
                1,
                0,
                0
            ],
            [
                0.2115,
                0,
                0,
                0,
                1,
                0
            ],
            [
                0,
                0,
                0,
                0,
                0,
                1
            ]
        ],
        [
            [
                1,
                0,
                0,
                0,
                0,
                0
            ],
            [
                0,
                1,
                0,
                0,
                0,
                0
            ],
            [
                0,
                0,
                1,
                0,
                0,
                0
            ],
            [
                0,
                0,
                -0.06,
                1,
                0,
                0
            ],
            [
                0,
                0,
                -0.196,
                0,
                1,
                0
            ],
            [
                0.06,
                0.196,
                0,
                0,
                0,
                1
            ]
        ],
        [
            [
                1,
                0,
                0,
                0,
                0,
                0
            ],
            [
                0,
                1,
                0,
                0,
                0,
                0
            ],
            [
                0,
                0,
                1,
                0,
                0,
                0
            ],
            [
                0,
                0,
                -0.10235,
                1,
                0,
                0
            ],
            [
                0,
                0,
                0,
                0,
                1,
                0
            ],
            [
                0.10235,
                0,
                0,
                0,
                0,
                1
            ]
        ],
        [
            [
                1,
                0,
                0,
                0,
                0,
                0
            ],
            [
                0,
                1,
                0,
                0,
                0,
                0
            ],
            [
                0,
                0,
                1,
                0,
                0,
                0
            ],
            [
                0,
                -0.2115,
                0,
                1,
                0,
                0
            ],
            [
                0.2115,
                0,
                0,
                0,
                1,
                0
            ],
            [
                0,
                0,
                0,
                0,
                0,
                1
            ]
        ]
    ],
    "I": [
        [
            [
                0,
                0,
                0,
                0,
                -0,
                0
            ],
            [
                0,
                0,
                0,
                0,
                0,
                -0
            ],
            [
                0,
                0,
                0,
                -0,
                0,
                0
            ],
            [
                0,
                0,
                -0,
                0,
                0,
                0
            ],
            [
                -0,
                0,
                0,
                0,
                0,
                0
            ],
            [
                0,
                -0,
                0,
                0,
                0,
                0
            ]
        ],
        [
            [
                0,
                0,
                0,
                0,
                -0,
                0
            ],
            [
                0,
                0,
                0,
                0,
                0,
                -0
            ],
            [
                0,
                0,
                0,
                -0,
                0,
                0
            ],
            [
                0,
                0,
                -0,
                0,
                0,
                0
            ],
            [
                -0,
                0,
                0,
                0,
                0,
                0
            ],
            [
                0,
                -0,
                0,
                0,
                0,
                0
            ]
        ],
        [
            [
                0,
                0,
                0,
                0,
                -0,
                0
            ],
            [
                0,
                0,
                0,
                0,
                0,
                -0
            ],
            [
                0,
                0,
                0,
                -0,
                0,
                0
            ],
            [
                0,
                0,
                -0,
                0,
                0,
                0
            ],
            [
                -0,
                0,
                0,
                0,
                0,
                0
            ],
            [
                0,
                -0,
                0,
                0,
                0,
                0
            ]
        ],
        [
            [
                0,
                0,
                0,
                0,
                -0,
                0
            ],
            [
                0,
                0,
                0,
                0,
                0,
                -0
            ],
            [
                0,
                0,
                0,
                -0,
                0,
                0
            ],
            [
                0,
                0,
                -0,
                0,
                0,
                0
            ],
            [
                -0,
                0,
                0,
                0,
                0,
                0
            ],
            [
                0,
                -0,
                0,
                0,
                0,
                0
            ]
        ],
        [
            [
                0,
                0,
                0,
                0,
                -0,
                0
            ],
            [
                0,
                0,
                0,
                0,
                0,
                -0
            ],
            [
                0,
                0,
                0,
                -0,
                0,
                0
            ],
            [
                0,
                0,
                -0,
                0,
                0,
                0
            ],
            [
                -0,
                0,
                0,
                0,
                0,
                0
            ],
            [
                0,
                -0,
                0,
                0,
                0,
                0
            ]
        ],
        [
            [
                0.018185599697326683,
                5.4865677410522517E-5,
                0.00072410454267210044,
                0,
                -0.025017678351478809,
                -0.0015054258660169451
            ],
            [
                5.4865677410522517E-5,
                0.067967569919649265,
                -2.0403480179869236E-5,
                0.025017678351478809,
                0,
                -0.14014500951830641
            ],
            [
                0.00072410454267210044,
                -2.0403480179869239E-5,
                0.080015302682459558,
                0.0015054258660169451,
                0.14014500951830641,
                0
            ],
            [
                0,
                0.025017678351478809,
                0.0015054258660169451,
                4.567049,
                0,
                0
            ],
            [
                -0.025017678351478809,
                0,
                0.14014500951830641,
                0,
                4.567049,
                0
            ],
            [
                -0.0015054258660169451,
                -0.14014500951830641,
                0,
                0,
                0,
                4.567049
            ]
        ],
        [
            [
                0.00035084214183723128,
                -3.2925193606930188E-6,
                -1.9502430934208463E-7,
                0,
                2.0438764892023191E-6,
                0.00071087075871285378
            ],
            [
                -3.2925193606930188E-6,
                0.000610973581626599,
                3.2450035041683931E-8,
                -2.0438764892023191E-6,
                0,
                0.0014577891880113488
            ],
            [
                -1.9502430934208463E-7,
                3.2450035041683931E-8,
                0.00040194570937528059,
                -0.00071087075871285378,
                -0.0014577891880113488,
                0
            ],
            [
                0,
                -2.0438764892023191E-6,
                -0.00071087075871285378,
                0.593025,
                0,
                0
            ],
            [
                2.0438764892023191E-6,
                0,
                -0.0014577891880113488,
                0,
                0.593025,
                0
            ],
            [
                0.00071087075871285378,
                0.0014577891880113488,
                0,
                0,
                0,
                0.593025
            ]
        ],
        [
            [
                0.006850269139819635,
                -4.8489766182998227E-6,
                9.0572067439268987E-8,
                0,
                0.025770592503849776,
                0.028770029864589985
            ],
            [
                -4.8489766182998227E-6,
                0.0059676192117491082,
                -0.00012331168745038251,
                -0.025770592503849776,
                0,
                -7.3779322506730427E-5
            ],
            [
                9.0572067439268987E-8,
                -0.00012331168745038251,
                0.0020041701806244035,
                -0.028770029864589985,
                7.3779322506730427E-5,
                0
            ],
            [
                0,
                -0.025770592503849776,
                -0.028770029864589985,
                1.06186,
                0,
                0
            ],
            [
                0.025770592503849776,
                0,
                7.3779322506730427E-5,
                0,
                1.06186,
                0
            ],
            [
                0.028770029864589985,
                -7.3779322506730427E-5,
                0,
                0,
                0,
                1.06186
            ]
        ],
        [
            [
                0.0054819950486747239,
                9.3508278592675367E-8,
                4.1976669959737243E-5,
                0,
                0.030264121329867669,
                -6.8920959751091249E-6
            ],
            [
                9.3508278592675367E-8,
                0.0055026504918880784,
                -1.3547217119777922E-6,
                -0.030264121329867669,
                0,
                -0.00045186953830551641
            ],
            [
                4.1976669959737236E-5,
                -1.3547217119777922E-6,
                3.7745855280752476E-5,
                6.8920959751091249E-6,
                0.00045186953830551641,
                0
            ],
            [
                0,
                -0.030264121329867669,
                6.8920959751091249E-6,
                0.23054959999999997,
                0,
                0
            ],
            [
                0.030264121329867669,
                0,
                0.00045186953830551641,
                0,
                0.23054959999999997,
                0
            ],
            [
                -6.8920959751091249E-6,
                -0.00045186953830551641,
                0,
                0,
                0,
                0.23054959999999997
            ]
        ],
        [
            [
                0.00035084214183723128,
                -6.7874806393069812E-6,
                -1.9502430934208463E-7,
                0,
                2.0438764892023191E-6,
                -0.00071087075871285378
            ],
            [
                -6.7874806393069812E-6,
                0.000610973581626599,
                2.754996495831606E-8,
                -2.0438764892023191E-6,
                0,
                0.0014577891880113488
            ],
            [
                -1.9502430934208463E-7,
                2.754996495831606E-8,
                0.00040194570937528059,
                0.00071087075871285378,
                -0.0014577891880113488,
                0
            ],
            [
                0,
                -2.0438764892023191E-6,
                0.00071087075871285378,
                0.593025,
                0,
                0
            ],
            [
                2.0438764892023191E-6,
                0,
                -0.0014577891880113488,
                0,
                0.593025,
                0
            ],
            [
                -0.00071087075871285378,
                0.0014577891880113488,
                0,
                0,
                0,
                0.593025
            ]
        ],
        [
            [
                0.006850269139819635,
                4.8489766182998227E-6,
                9.0572067439268987E-8,
                0,
                0.025770592503849776,
                -0.028770029864589985
            ],
            [
                4.8489766182998227E-6,
                0.0059676192117491082,
                0.00012331168745038251,
                -0.025770592503849776,
                0,
                -7.3779322506730427E-5
            ],
            [
                9.0572067439268987E-8,
                0.00012331168745038251,
                0.0020041701806244035,
                0.028770029864589985,
                7.3779322506730427E-5,
                0
            ],
            [
                0,
                -0.025770592503849776,
                0.028770029864589985,
                1.06186,
                0,
                0
            ],
            [
                0.025770592503849776,
                0,
                7.3779322506730427E-5,
                0,
                1.06186,
                0
            ],
            [
                -0.028770029864589985,
                -7.3779322506730427E-5,
                0,
                0,
                0,
                1.06186
            ]
        ],
        [
            [
                0.0054819950486747239,
                -9.3508278592675367E-8,
                4.1976669959737243E-5,
                0,
                0.030264121329867669,
                6.8920959751091249E-6
            ],
            [
                -9.3508278592675367E-8,
                0.0055026504918880784,
                1.3547217119777922E-6,
                -0.030264121329867669,
                0,
                -0.00045186953830551641
            ],
            [
                4.1976669959737236E-5,
                1.3547217119777922E-6,
                3.7745855280752476E-5,
                -6.8920959751091249E-6,
                0.00045186953830551641,
                0
            ],
            [
                0,
                -0.030264121329867669,
                -6.8920959751091249E-6,
                0.23054959999999997,
                0,
                0
            ],
            [
                0.030264121329867669,
                0,
                0.00045186953830551641,
                0,
                0.23054959999999997,
                0
            ],
            [
                6.8920959751091249E-6,
                -0.00045186953830551641,
                0,
                0,
                0,
                0.23054959999999997
            ]
        ],
        [
            [
                0.00035084214183583103,
                -6.7874806393133238E-6,
                -1.9502380413637513E-7,
                0,
                -2.0436709727938767E-6,
                0.00071087075871965584
            ],
            [
                -6.7874806393133238E-6,
                0.00061097358162513988,
                2.755021131486308E-8,
                2.0436709727938767E-6,
                0,
                -0.0014577891880026906
            ],
            [
                -1.9502380413637513E-7,
                2.755021131486308E-8,
                0.00040194570937525435,
                -0.00071087075871965584,
                0.0014577891880026906,
                0
            ],
            [
                0,
                2.0436709727938767E-6,
                -0.00071087075871965584,
                0.593025,
                0,
                0
            ],
            [
                -2.0436709727938767E-6,
                0,
                0.0014577891880026906,
                0,
                0.593025,
                0
            ],
            [
                0.00071087075871965584,
                -0.0014577891880026906,
                0,
                0,
                0,
                0.593025
            ]
        ],
        [
            [
                0.0060571026932599477,
                -1.6888184758595979E-6,
                3.1519785451257712E-5,
                0,
                0.022178883087644718,
                0.029017867477570247
            ],
            [
                -1.6888184758595979E-6,
                0.0052114179143488261,
                -2.6628877902914756E-5,
                -0.022178883087644718,
                0,
                -0.00021039777532818932
            ],
            [
                3.1519785451257712E-5,
                -2.6628877902914756E-5,
                0.0019778690140800598,
                -0.029017867477570247,
                0.00021039777532818932,
                0
            ],
            [
                0,
                -0.022178883087644718,
                -0.029017867477570247,
                1.051039,
                0,
                0
            ],
            [
                0.022178883087644718,
                0,
                0.00021039777532818932,
                0,
                1.051039,
                0
            ],
            [
                0.029017867477570247,
                -0.00021039777532818932,
                0,
                0,
                0,
                1.051039
            ]
        ],
        [
            [
                0.0059363569916694378,
                -1.7243241695124912E-7,
                6.0578694437505108E-5,
                0,
                0.03870384932615558,
                2.8960248309641902E-5
            ],
            [
                -1.7243241695124912E-7,
                0.0059685118902740517,
                7.85496320440049E-7,
                -0.03870384932615558,
                0,
                -0.00059171322265178634
            ],
            [
                6.0578694437505108E-5,
                7.85496320440049E-7,
                6.981905214820282E-5,
                -2.8960248309641902E-5,
                0.00059171322265178634,
                0
            ],
            [
                0,
                -0.03870384932615558,
                -2.8960248309641902E-5,
                0.403846,
                0,
                0
            ],
            [
                0.03870384932615558,
                0,
                0.00059171322265178634,
                0,
                0.403846,
                0
            ],
            [
                2.8960248309641902E-5,
                -0.00059171322265178634,
                0,
                0,
                0,
                0.403846
            ]
        ],
        [
            [
                0.00035084214183583103,
                -3.2925193606866762E-6,
                -1.9502380413637513E-7,
                0,
                -2.0436709727938767E-6,
                -0.00071087075871965584
            ],
            [
                -3.2925193606866766E-6,
                0.00061097358162513988,
                3.2449788685136914E-8,
                2.0436709727938767E-6,
                0,
                -0.0014577891880026906
            ],
            [
                -1.9502380413637513E-7,
                3.2449788685136914E-8,
                0.00040194570937525435,
                0.00071087075871965584,
                0.0014577891880026906,
                0
            ],
            [
                0,
                2.0436709727938767E-6,
                0.00071087075871965584,
                0.593025,
                0,
                0
            ],
            [
                -2.0436709727938767E-6,
                0,
                0.0014577891880026906,
                0,
                0.593025,
                0
            ],
            [
                -0.00071087075871965584,
                -0.0014577891880026906,
                0,
                0,
                0,
                0.593025
            ]
        ],
        [
            [
                0.0060571026932599477,
                1.6888184758595979E-6,
                3.1519785451257712E-5,
                0,
                0.022178883087644718,
                -0.029017867477570247
            ],
            [
                1.6888184758595979E-6,
                0.0052114179143488261,
                2.6628877902914756E-5,
                -0.022178883087644718,
                0,
                -0.00021039777532818932
            ],
            [
                3.1519785451257712E-5,
                2.6628877902914756E-5,
                0.0019778690140800598,
                0.029017867477570247,
                0.00021039777532818932,
                0
            ],
            [
                0,
                -0.022178883087644718,
                0.029017867477570247,
                1.051039,
                0,
                0
            ],
            [
                0.022178883087644718,
                0,
                0.00021039777532818932,
                0,
                1.051039,
                0
            ],
            [
                -0.029017867477570247,
                -0.00021039777532818932,
                0,
                0,
                0,
                1.051039
            ]
        ],
        [
            [
                0.0059363569916694378,
                -8.7567583048750865E-8,
                6.0578694437505108E-5,
                0,
                0.03870384932615558,
                -2.8960248309641902E-5
            ],
            [
                -8.7567583048750865E-8,
                0.0059685118902740517,
                -4.7654963204400494E-6,
                -0.03870384932615558,
                0,
                -0.00059171322265178634
            ],
            [
                6.0578694437505108E-5,
                -4.7654963204400494E-6,
                6.981905214820282E-5,
                2.8960248309641902E-5,
                0.00059171322265178634,
                0
            ],
            [
                0,
                -0.03870384932615558,
                2.8960248309641902E-5,
                0.403846,
                0,
                0
            ],
            [
                0.03870384932615558,
                0,
                0.00059171322265178634,
                0,
                0.403846,
                0
            ],
            [
                -2.8960248309641902E-5,
                -0.00059171322265178634,
                0,
                0,
                0,
                0.403846
            ]
        ]
    ],
    "a_grav": [
        [
            0.0
        ],
        [
            0.0
        ],
        [
            0.0
        ],
        [
            0.0
        ],
        [
            0.0
        ],
        [
            -9.81
        ]
    ],
    "idlinkplot": [
        6,
        7,
        8,
        9,
        6,
        10,
        11,
        12,
        6,
        13,
        14,
        15,
        6,
        16,
        17,
        18
    ],
    "linkplot": [
        [
            0.196,
            -0.06,
            0
        ],
        [
            0,
            -0.10235,
            0
        ],
        [
            0,
            0,
            -0.2115
        ],
        [
            0,
            0,
            -0.265
        ],
        [
            0.196,
            0.06,
            0
        ],
        [
            0,
            0.10235,
            0
        ],
        [
            0,
            0,
            -0.2115
        ],
        [
            0,
            0,
            -0.265
        ],
        [
            -0.196,
            -0.06,
            0
        ],
        [
            0,
            -0.10235,
            0
        ],
        [
            0,
            0,
            -0.2115
        ],
        [
            0,
            0,
            -0.265
        ],
        [
            -0.196,
            0.06,
            0
        ],
        [
            0,
            0.10235,
            0
        ],
        [
            0,
            0,
            -0.2115
        ],
        [
            0,
            0,
            -0.265
        ]
    ],
    "idcomplot": [
        6,
        7,
        8,
        9,
        10,
        11,
        12,
        13,
        14,
        15,
        16,
        17,
        18
    ],
    "Mass": [
        4.567049,
        0.593025,
        1.06186,
        0.167615,
        0.593025,
        1.06186,
        0.167615,
        0.593025,
        1.051039,
